MEME version 5.5.0 (Wed Sep 7 14:18:26 2022 -0700)

ALPHABET= ACGT

strands: + -

Background letter frequencies (from uniform background):
A 0.25000 C 0.25000 G 0.25000 T 0.25000 

MOTIF motif1-1 

letter-probability matrix: alength= 4 w= 7 nsites= 30 E= 0
  0.700000	  0.066667	  0.000000	  0.233333	
  0.633333	  0.033333	  0.033333	  0.300000	
  0.000000	  0.633333	  0.366667	  0.000000	
  0.300000	  0.066667	  0.300000	  0.333333	
  0.033333	  0.133333	  0.133333	  0.700000	
  0.866667	  0.066667	  0.000000	  0.066667	
  0.666667	  0.000000	  0.000000	  0.333333	

MOTIF motif1-2 

letter-probability matrix: alength= 4 w= 8 nsites= 56 E= 0
  0.250000	  0.196429	  0.017857	  0.535714	
  0.285714	  0.000000	  0.000000	  0.714286	
  0.035714	  0.035714	  0.178571	  0.750000	
  0.589286	  0.125000	  0.125000	  0.160714	
  0.285714	  0.321429	  0.053571	  0.339286	
  0.000000	  0.517857	  0.482143	  0.000000	
  0.250000	  0.000000	  0.035714	  0.714286	
  0.321429	  0.000000	  0.035714	  0.642857	

MOTIF motif1-3 

letter-probability matrix: alength= 4 w= 7 nsites= 99 E= 0
  0.656566	  0.010101	  0.030303	  0.303030	
  0.737374	  0.060606	  0.000000	  0.202020	
  0.040404	  0.515152	  0.444444	  0.000000	
  0.181818	  0.101010	  0.404040	  0.313131	
  0.151515	  0.141414	  0.161616	  0.545455	
  0.787879	  0.161616	  0.010101	  0.040404	
  0.686869	  0.000000	  0.000000	  0.313131	

MOTIF motif1-4 

letter-probability matrix: alength= 4 w= 5 nsites= 30 E= 0
  0.033333	  0.666667	  0.300000	  0.000000	
  0.233333	  0.133333	  0.300000	  0.333333	
  0.166667	  0.100000	  0.166667	  0.566667	
  0.833333	  0.066667	  0.000000	  0.100000	
  0.733333	  0.000000	  0.000000	  0.266667	

MOTIF motif1-5 

letter-probability matrix: alength= 4 w= 7 nsites= 51 E= 0
  0.254902	  0.254902	  0.000000	  0.490196	
  0.333333	  0.000000	  0.000000	  0.666667	
  0.058824	  0.000000	  0.117647	  0.823529	
  0.549020	  0.098039	  0.156863	  0.196078	
  0.313725	  0.235294	  0.137255	  0.313725	
  0.000000	  0.392157	  0.568627	  0.039216	
  0.235294	  0.000000	  0.117647	  0.647059	

MOTIF motif1-6 

letter-probability matrix: alength= 4 w= 5 nsites= 52 E= 0
  0.750000	  0.076923	  0.019231	  0.153846	
  0.038462	  0.615385	  0.346154	  0.000000	
  0.288462	  0.153846	  0.326923	  0.230769	
  0.115385	  0.211538	  0.115385	  0.557692	
  0.826923	  0.115385	  0.038462	  0.019231	

MOTIF motif1-7 

letter-probability matrix: alength= 4 w= 6 nsites= 93 E= 0
  0.215054	  0.268817	  0.010753	  0.505376	
  0.247312	  0.000000	  0.010753	  0.741935	
  0.107527	  0.000000	  0.204301	  0.688172	
  0.580645	  0.150538	  0.075269	  0.193548	
  0.204301	  0.344086	  0.182796	  0.268817	
  0.000000	  0.279570	  0.698925	  0.021505	

MOTIF motif2-1 

letter-probability matrix: alength= 4 w= 5 nsites= 36 E= 0
  0.583333	  0.111111	  0.027778	  0.277778	
  0.000000	  0.000000	  1.000000	  0.000000	
  0.222222	  0.333333	  0.277778	  0.166667	
  0.000000	  0.000000	  1.000000	  0.000000	
  0.000000	  0.000000	  0.055556	  0.944444	

MOTIF motif2-2 

letter-probability matrix: alength= 4 w= 6 nsites= 38 E= 0
  0.894737	  0.078947	  0.000000	  0.026316	
  0.000000	  1.000000	  0.000000	  0.000000	
  0.078947	  0.421053	  0.289474	  0.210526	
  0.000000	  1.000000	  0.000000	  0.000000	
  0.263158	  0.000000	  0.157895	  0.578947	
  0.052632	  0.000000	  0.000000	  0.947368	

MOTIF motif2-3 

letter-probability matrix: alength= 4 w= 6 nsites= 87 E= 0
  0.804598	  0.160920	  0.000000	  0.034483	
  0.000000	  1.000000	  0.000000	  0.000000	
  0.080460	  0.425287	  0.160920	  0.333333	
  0.000000	  1.000000	  0.000000	  0.000000	
  0.287356	  0.000000	  0.160920	  0.551724	
  0.034483	  0.000000	  0.000000	  0.965517	

MOTIF motif2-4 

letter-probability matrix: alength= 4 w= 6 nsites= 86 E= 0
  0.988372	  0.000000	  0.000000	  0.011628	
  0.546512	  0.174419	  0.046512	  0.232558	
  0.000000	  0.000000	  1.000000	  0.000000	
  0.267442	  0.372093	  0.290698	  0.069767	
  0.000000	  0.000000	  1.000000	  0.000000	
  0.011628	  0.000000	  0.116279	  0.872093	

MOTIF motif2-5 

letter-probability matrix: alength= 4 w= 6 nsites= 98 E= 0
  0.816327	  0.122449	  0.000000	  0.061224	
  0.000000	  1.000000	  0.000000	  0.000000	
  0.132653	  0.326531	  0.346939	  0.193878	
  0.000000	  1.000000	  0.000000	  0.000000	
  0.244898	  0.061224	  0.193878	  0.500000	
  0.000000	  0.000000	  0.000000	  1.000000	

MOTIF motif2-6 

letter-probability matrix: alength= 4 w= 17 nsites= 89 E= 0
  0.157303	  0.213483	  0.325843	  0.303371	
  0.247191	  0.235955	  0.235955	  0.280899	
  0.247191	  0.292135	  0.224719	  0.235955	
  0.292135	  0.247191	  0.303371	  0.157303	
  0.202247	  0.191011	  0.303371	  0.303371	
  0.202247	  0.325843	  0.224719	  0.247191	
  0.213483	  0.292135	  0.235955	  0.258427	
  0.134831	  0.247191	  0.325843	  0.292135	
  0.157303	  0.235955	  0.258427	  0.348315	
  0.269663	  0.235955	  0.224719	  0.269663	
  0.258427	  0.224719	  0.235955	  0.280899	
  0.842697	  0.101124	  0.000000	  0.056180	
  0.000000	  1.000000	  0.000000	  0.000000	
  0.089888	  0.471910	  0.235955	  0.202247	
  0.000000	  1.000000	  0.000000	  0.000000	
  0.303371	  0.022472	  0.179775	  0.494382	
  0.056180	  0.000000	  0.000000	  0.943820	

MOTIF motif2-7 

letter-probability matrix: alength= 4 w= 16 nsites= 87 E= 0
  1.000000	  0.000000	  0.000000	  0.000000	
  0.505747	  0.195402	  0.011494	  0.287356	
  0.000000	  0.000000	  1.000000	  0.000000	
  0.206897	  0.160920	  0.402299	  0.229885	
  0.000000	  0.000000	  1.000000	  0.000000	
  0.022989	  0.000000	  0.114943	  0.862069	
  0.264368	  0.264368	  0.126437	  0.344828	
  0.195402	  0.252874	  0.252874	  0.298851	
  0.310345	  0.160920	  0.287356	  0.241379	
  0.252874	  0.275862	  0.252874	  0.218391	
  0.287356	  0.183908	  0.183908	  0.344828	
  0.229885	  0.195402	  0.333333	  0.241379	
  0.275862	  0.206897	  0.287356	  0.229885	
  0.241379	  0.298851	  0.137931	  0.321839	
  0.310345	  0.275862	  0.229885	  0.183908	
  0.241379	  0.287356	  0.252874	  0.218391	

MOTIF motif3-1 

letter-probability matrix: alength= 4 w= 20 nsites= 75 E= 0
  0.333333	  0.026667	  0.000000	  0.640000	
  0.000000	  0.000000	  0.000000	  1.000000	
  0.000000	  0.000000	  0.000000	  1.000000	
  1.000000	  0.000000	  0.000000	  0.000000	
  0.000000	  1.000000	  0.000000	  0.000000	
  0.360000	  0.386667	  0.093333	  0.160000	
  0.000000	  1.000000	  0.000000	  0.000000	
  0.186667	  0.280000	  0.320000	  0.213333	
  0.666667	  0.000000	  0.000000	  0.333333	
  0.000000	  1.000000	  0.000000	  0.000000	
  0.000000	  0.280000	  0.680000	  0.040000	
  0.320000	  0.000000	  0.546667	  0.133333	
  0.133333	  0.066667	  0.293333	  0.506667	
  0.000000	  0.293333	  0.200000	  0.506667	
  0.093333	  0.173333	  0.186667	  0.546667	
  0.213333	  0.026667	  0.320000	  0.440000	
  0.000000	  0.920000	  0.080000	  0.000000	
  0.226667	  0.000000	  0.106667	  0.666667	
  0.106667	  0.400000	  0.413333	  0.080000	
  0.000000	  0.000000	  0.000000	  1.000000	

MOTIF motif3-2 

letter-probability matrix: alength= 4 w= 24 nsites= 56 E= 0
  0.214286	  0.142857	  0.250000	  0.392857	
  0.071429	  0.696429	  0.178571	  0.053571	
  0.625000	  0.000000	  0.089286	  0.285714	
  0.214286	  0.339286	  0.267857	  0.178571	
  0.000000	  0.946429	  0.000000	  0.053571	
  1.000000	  0.000000	  0.000000	  0.000000	
  0.142857	  0.285714	  0.535714	  0.035714	
  0.625000	  0.053571	  0.000000	  0.321429	
  0.000000	  0.178571	  0.821429	  0.000000	
  0.303571	  0.232143	  0.107143	  0.357143	
  0.392857	  0.160714	  0.392857	  0.053571	
  0.571429	  0.107143	  0.303571	  0.017857	
  0.500000	  0.178571	  0.142857	  0.178571	
  0.178571	  0.482143	  0.017857	  0.321429	
  0.035714	  0.642857	  0.321429	  0.000000	
  0.000000	  0.000000	  1.000000	  0.000000	
  0.339286	  0.000000	  0.000000	  0.660714	
  0.125000	  0.446429	  0.267857	  0.160714	
  0.000000	  0.000000	  1.000000	  0.000000	
  0.160714	  0.142857	  0.357143	  0.339286	
  0.000000	  0.000000	  1.000000	  0.000000	
  0.000000	  0.000000	  0.000000	  1.000000	
  1.000000	  0.000000	  0.000000	  0.000000	
  1.000000	  0.000000	  0.000000	  0.000000	

MOTIF motif3-3 

letter-probability matrix: alength= 4 w= 21 nsites= 32 E= 0
  0.312500	  0.000000	  0.000000	  0.687500	
  0.000000	  0.000000	  0.000000	  1.000000	
  0.000000	  0.000000	  0.000000	  1.000000	
  1.000000	  0.000000	  0.000000	  0.000000	
  0.000000	  1.000000	  0.000000	  0.000000	
  0.343750	  0.468750	  0.062500	  0.125000	
  0.000000	  1.000000	  0.000000	  0.000000	
  0.187500	  0.218750	  0.531250	  0.062500	
  0.625000	  0.000000	  0.000000	  0.375000	
  0.000000	  1.000000	  0.000000	  0.000000	
  0.000000	  0.281250	  0.687500	  0.031250	
  0.156250	  0.000000	  0.593750	  0.250000	
  0.343750	  0.093750	  0.250000	  0.312500	
  0.000000	  0.281250	  0.343750	  0.375000	
  0.093750	  0.500000	  0.125000	  0.281250	
  0.375000	  0.093750	  0.250000	  0.281250	
  0.000000	  0.875000	  0.125000	  0.000000	
  0.437500	  0.000000	  0.093750	  0.468750	
  0.062500	  0.437500	  0.406250	  0.093750	
  0.000000	  0.000000	  0.000000	  1.000000	
  0.000000	  0.000000	  1.000000	  0.000000	

MOTIF motif3-4 

letter-probability matrix: alength= 4 w= 21 nsites= 47 E= 0
  0.382979	  0.042553	  0.000000	  0.574468	
  0.000000	  0.000000	  0.000000	  1.000000	
  0.000000	  0.000000	  0.000000	  1.000000	
  1.000000	  0.000000	  0.000000	  0.000000	
  0.000000	  1.000000	  0.000000	  0.000000	
  0.404255	  0.319149	  0.127660	  0.148936	
  0.000000	  1.000000	  0.000000	  0.000000	
  0.085106	  0.255319	  0.510638	  0.148936	
  0.744681	  0.000000	  0.000000	  0.255319	
  0.000000	  1.000000	  0.000000	  0.000000	
  0.000000	  0.297872	  0.617021	  0.085106	
  0.319149	  0.000000	  0.446809	  0.234043	
  0.170213	  0.042553	  0.212766	  0.574468	
  0.021277	  0.297872	  0.212766	  0.468085	
  0.106383	  0.297872	  0.234043	  0.361702	
  0.255319	  0.042553	  0.212766	  0.489362	
  0.000000	  0.851064	  0.148936	  0.000000	
  0.297872	  0.000000	  0.106383	  0.595745	
  0.148936	  0.382979	  0.340426	  0.127660	
  0.000000	  0.000000	  0.000000	  1.000000	
  0.000000	  0.000000	  1.000000	  0.000000	

MOTIF motif3-5 

letter-probability matrix: alength= 4 w= 23 nsites= 25 E= 0
  0.320000	  0.000000	  0.000000	  0.680000	
  0.000000	  0.000000	  0.000000	  1.000000	
  0.000000	  0.000000	  0.000000	  1.000000	
  1.000000	  0.000000	  0.000000	  0.000000	
  0.000000	  1.000000	  0.000000	  0.000000	
  0.320000	  0.520000	  0.040000	  0.120000	
  0.000000	  1.000000	  0.000000	  0.000000	
  0.120000	  0.280000	  0.400000	  0.200000	
  0.640000	  0.000000	  0.000000	  0.360000	
  0.000000	  1.000000	  0.000000	  0.000000	
  0.000000	  0.200000	  0.760000	  0.040000	
  0.160000	  0.000000	  0.520000	  0.320000	
  0.080000	  0.200000	  0.360000	  0.360000	
  0.000000	  0.280000	  0.080000	  0.640000	
  0.080000	  0.160000	  0.200000	  0.560000	
  0.160000	  0.040000	  0.480000	  0.320000	
  0.000000	  0.840000	  0.160000	  0.000000	
  0.240000	  0.000000	  0.080000	  0.680000	
  0.120000	  0.480000	  0.280000	  0.120000	
  0.000000	  0.000000	  0.000000	  1.000000	
  0.000000	  0.000000	  1.000000	  0.000000	
  0.280000	  0.240000	  0.320000	  0.160000	
  0.320000	  0.200000	  0.120000	  0.360000	

MOTIF motif3-6 

letter-probability matrix: alength= 4 w= 26 nsites= 98 E= 0
  0.163265	  0.469388	  0.132653	  0.234694	
  0.326531	  0.224490	  0.193878	  0.255102	
  0.244898	  0.112245	  0.193878	  0.448980	
  0.112245	  0.591837	  0.255102	  0.040816	
  0.438776	  0.061224	  0.091837	  0.408163	
  0.244898	  0.244898	  0.275510	  0.234694	
  0.000000	  0.979592	  0.000000	  0.020408	
  1.000000	  0.000000	  0.000000	  0.000000	
  0.112245	  0.336735	  0.438776	  0.112245	
  0.622449	  0.040816	  0.000000	  0.336735	
  0.000000	  0.122449	  0.877551	  0.000000	
  0.408163	  0.255102	  0.091837	  0.244898	
  0.520408	  0.081633	  0.255102	  0.142857	
  0.520408	  0.163265	  0.295918	  0.020408	
  0.377551	  0.265306	  0.112245	  0.244898	
  0.295918	  0.418367	  0.000000	  0.285714	
  0.030612	  0.683673	  0.285714	  0.000000	
  0.000000	  0.000000	  1.000000	  0.000000	
  0.265306	  0.000000	  0.000000	  0.734694	
  0.173469	  0.500000	  0.234694	  0.091837	
  0.000000	  0.000000	  1.000000	  0.000000	
  0.122449	  0.153061	  0.346939	  0.377551	
  0.000000	  0.000000	  1.000000	  0.000000	
  0.000000	  0.000000	  0.000000	  1.000000	
  1.000000	  0.000000	  0.000000	  0.000000	
  1.000000	  0.000000	  0.000000	  0.000000	

MOTIF motif3-7 

letter-probability matrix: alength= 4 w= 20 nsites= 75 E= 0
  0.000000	  0.000000	  0.000000	  1.000000	
  0.000000	  0.000000	  0.000000	  1.000000	
  1.000000	  0.000000	  0.000000	  0.000000	
  0.000000	  1.000000	  0.000000	  0.000000	
  0.333333	  0.373333	  0.146667	  0.146667	
  0.000000	  1.000000	  0.000000	  0.000000	
  0.133333	  0.146667	  0.400000	  0.320000	
  0.800000	  0.000000	  0.000000	  0.200000	
  0.000000	  1.000000	  0.000000	  0.000000	
  0.000000	  0.413333	  0.546667	  0.040000	
  0.333333	  0.013333	  0.386667	  0.266667	
  0.320000	  0.066667	  0.280000	  0.333333	
  0.013333	  0.386667	  0.173333	  0.426667	
  0.093333	  0.200000	  0.200000	  0.506667	
  0.160000	  0.120000	  0.240000	  0.480000	
  0.000000	  0.760000	  0.240000	  0.000000	
  0.320000	  0.000000	  0.053333	  0.626667	
  0.120000	  0.466667	  0.333333	  0.080000	
  0.000000	  0.000000	  0.000000	  1.000000	
  0.000000	  0.000000	  1.000000	  0.000000	

MOTIF motif4-1 

letter-probability matrix: alength= 4 w= 23 nsites= 28 E= 0
  1.000000	  0.000000	  0.000000	  0.000000	
  0.250000	  0.250000	  0.250000	  0.250000	
  0.321429	  0.678571	  0.000000	  0.000000	
  0.000000	  0.035714	  0.071429	  0.892857	
  0.142857	  0.178571	  0.285714	  0.392857	
  0.107143	  0.035714	  0.178571	  0.678571	
  0.214286	  0.142857	  0.571429	  0.071429	
  0.000000	  0.000000	  0.000000	  1.000000	
  0.500000	  0.000000	  0.000000	  0.500000	
  0.071429	  0.142857	  0.357143	  0.428571	
  0.142857	  0.178571	  0.285714	  0.392857	
  0.785714	  0.107143	  0.035714	  0.071429	
  0.464286	  0.178571	  0.000000	  0.357143	
  0.642857	  0.000000	  0.250000	  0.107143	
  0.000000	  0.000000	  0.000000	  1.000000	
  0.321429	  0.250000	  0.214286	  0.214286	
  0.000000	  1.000000	  0.000000	  0.000000	
  0.285714	  0.250000	  0.000000	  0.464286	
  0.000000	  0.035714	  0.000000	  0.964286	
  1.000000	  0.000000	  0.000000	  0.000000	
  0.000000	  1.000000	  0.000000	  0.000000	
  0.000000	  0.000000	  1.000000	  0.000000	
  0.000000	  0.000000	  1.000000	  0.000000	

MOTIF motif4-2 

letter-probability matrix: alength= 4 w= 23 nsites= 39 E= 0
  1.000000	  0.000000	  0.000000	  0.000000	
  0.128205	  0.179487	  0.307692	  0.384615	
  0.333333	  0.589744	  0.000000	  0.076923	
  0.051282	  0.025641	  0.179487	  0.743590	
  0.179487	  0.102564	  0.307692	  0.410256	
  0.076923	  0.000000	  0.282051	  0.641026	
  0.307692	  0.153846	  0.384615	  0.153846	
  0.000000	  0.000000	  0.000000	  1.000000	
  0.641026	  0.000000	  0.000000	  0.358974	
  0.205128	  0.128205	  0.333333	  0.333333	
  0.282051	  0.153846	  0.307692	  0.256410	
  0.564103	  0.051282	  0.102564	  0.282051	
  0.230769	  0.358974	  0.000000	  0.410256	
  0.717949	  0.000000	  0.205128	  0.076923	
  0.000000	  0.000000	  0.000000	  1.000000	
  0.435897	  0.307692	  0.153846	  0.102564	
  0.000000	  0.974359	  0.025641	  0.000000	
  0.358974	  0.358974	  0.000000	  0.282051	
  0.025641	  0.102564	  0.000000	  0.871795	
  1.000000	  0.000000	  0.000000	  0.000000	
  0.000000	  1.000000	  0.000000	  0.000000	
  0.000000	  0.000000	  1.000000	  0.000000	
  0.000000	  0.000000	  1.000000	  0.000000	

MOTIF motif5-1 

letter-probability matrix: alength= 4 w= 24 nsites= 23 E= 0
  0.000000	  1.000000	  0.000000	  0.000000	
  0.521739	  0.130435	  0.217391	  0.130435	
  0.000000	  0.391304	  0.217391	  0.391304	
  0.826087	  0.173913	  0.000000	  0.000000	
  0.217391	  0.347826	  0.347826	  0.086957	
  0.956522	  0.000000	  0.000000	  0.043478	
  0.173913	  0.739130	  0.000000	  0.086957	
  0.000000	  0.000000	  0.086957	  0.913043	
  0.434783	  0.565217	  0.000000	  0.000000	
  0.000000	  0.000000	  0.565217	  0.434783	
  0.434783	  0.130435	  0.000000	  0.434783	
  0.391304	  0.086957	  0.304348	  0.217391	
  0.000000	  0.000000	  1.000000	  0.000000	
  1.000000	  0.000000	  0.000000	  0.000000	
  0.478261	  0.043478	  0.347826	  0.130435	
  0.000000	  0.000000	  1.000000	  0.000000	
  0.086957	  0.869565	  0.000000	  0.043478	
  0.260870	  0.217391	  0.173913	  0.347826	
  0.260870	  0.173913	  0.347826	  0.217391	
  0.000000	  1.000000	  0.000000	  0.000000	
  0.565217	  0.260870	  0.130435	  0.043478	
  0.260870	  0.260870	  0.130435	  0.347826	
  1.000000	  0.000000	  0.000000	  0.000000	
  0.000000	  1.000000	  0.000000	  0.000000	

MOTIF motif5-2 

letter-probability matrix: alength= 4 w= 26 nsites= 52 E= 0
  0.557692	  0.000000	  0.423077	  0.019231	
  0.750000	  0.153846	  0.000000	  0.096154	
  0.000000	  0.000000	  1.000000	  0.000000	
  0.000000	  0.000000	  0.000000	  1.000000	
  0.288462	  0.269231	  0.153846	  0.288462	
  0.000000	  0.057692	  0.365385	  0.576923	
  0.000000	  0.000000	  1.000000	  0.000000	
  0.250000	  0.211538	  0.250000	  0.288462	
  0.269231	  0.346154	  0.250000	  0.134615	
  0.000000	  0.000000	  0.961538	  0.038462	
  0.000000	  1.000000	  0.000000	  0.000000	
  0.134615	  0.365385	  0.096154	  0.403846	
  0.000000	  0.000000	  0.000000	  1.000000	
  0.000000	  1.000000	  0.000000	  0.000000	
  0.192308	  0.307692	  0.307692	  0.192308	
  0.461538	  0.000000	  0.019231	  0.519231	
  0.519231	  0.480769	  0.000000	  0.000000	
  0.000000	  0.000000	  0.653846	  0.346154	
  0.923077	  0.076923	  0.000000	  0.000000	
  0.153846	  0.038462	  0.673077	  0.134615	
  0.019231	  0.000000	  0.000000	  0.980769	
  0.115385	  0.230769	  0.442308	  0.211538	
  0.000000	  0.019231	  0.038462	  0.942308	
  0.384615	  0.326923	  0.269231	  0.019231	
  0.230769	  0.211538	  0.211538	  0.346154	
  0.000000	  0.000000	  1.000000	  0.000000	

MOTIF motif5-3 

letter-probability matrix: alength= 4 w= 25 nsites= 25 E= 0
  0.000000	  1.000000	  0.000000	  0.000000	
  0.360000	  0.160000	  0.200000	  0.280000	
  0.040000	  0.280000	  0.200000	  0.480000	
  0.720000	  0.240000	  0.040000	  0.000000	
  0.280000	  0.400000	  0.200000	  0.120000	
  1.000000	  0.000000	  0.000000	  0.000000	
  0.040000	  0.840000	  0.000000	  0.120000	
  0.000000	  0.000000	  0.080000	  0.920000	
  0.520000	  0.480000	  0.000000	  0.000000	
  0.000000	  0.000000	  0.400000	  0.600000	
  0.480000	  0.160000	  0.000000	  0.360000	
  0.240000	  0.240000	  0.120000	  0.400000	
  0.000000	  0.000000	  1.000000	  0.000000	
  1.000000	  0.000000	  0.000000	  0.000000	
  0.280000	  0.080000	  0.440000	  0.200000	
  0.000000	  0.000000	  1.000000	  0.000000	
  0.080000	  0.920000	  0.000000	  0.000000	
  0.200000	  0.040000	  0.200000	  0.560000	
  0.280000	  0.240000	  0.080000	  0.400000	
  0.000000	  1.000000	  0.000000	  0.000000	
  0.520000	  0.400000	  0.080000	  0.000000	
  0.240000	  0.080000	  0.200000	  0.480000	
  1.000000	  0.000000	  0.000000	  0.000000	
  0.000000	  1.000000	  0.000000	  0.000000	
  0.120000	  0.000000	  0.200000	  0.680000	

MOTIF motif5-4 

letter-probability matrix: alength= 4 w= 24 nsites= 63 E= 0
  0.000000	  0.000000	  1.000000	  0.000000	
  0.000000	  0.000000	  0.000000	  1.000000	
  0.285714	  0.158730	  0.238095	  0.317460	
  0.015873	  0.063492	  0.396825	  0.523810	
  0.000000	  0.000000	  1.000000	  0.000000	
  0.190476	  0.142857	  0.444444	  0.222222	
  0.365079	  0.206349	  0.190476	  0.238095	
  0.000000	  0.000000	  0.936508	  0.063492	
  0.000000	  1.000000	  0.000000	  0.000000	
  0.142857	  0.396825	  0.079365	  0.380952	
  0.000000	  0.000000	  0.000000	  1.000000	
  0.000000	  1.000000	  0.000000	  0.000000	
  0.190476	  0.206349	  0.285714	  0.317460	
  0.365079	  0.000000	  0.111111	  0.523810	
  0.492063	  0.507937	  0.000000	  0.000000	
  0.000000	  0.000000	  0.619048	  0.380952	
  0.873016	  0.126984	  0.000000	  0.000000	
  0.142857	  0.000000	  0.793651	  0.063492	
  0.015873	  0.000000	  0.000000	  0.984127	
  0.158730	  0.301587	  0.333333	  0.206349	
  0.000000	  0.095238	  0.079365	  0.825397	
  0.349206	  0.349206	  0.269841	  0.031746	
  0.206349	  0.206349	  0.095238	  0.492063	
  0.000000	  0.000000	  1.000000	  0.000000	

MOTIF motif5-5 

letter-probability matrix: alength= 4 w= 26 nsites= 66 E= 0
  0.363636	  0.000000	  0.545455	  0.090909	
  0.696970	  0.136364	  0.000000	  0.166667	
  0.000000	  0.000000	  1.000000	  0.000000	
  0.000000	  0.000000	  0.000000	  1.000000	
  0.212121	  0.257576	  0.181818	  0.348485	
  0.000000	  0.106061	  0.348485	  0.545455	
  0.000000	  0.000000	  1.000000	  0.000000	
  0.287879	  0.106061	  0.363636	  0.242424	
  0.393939	  0.303030	  0.075758	  0.227273	
  0.015152	  0.000000	  0.878788	  0.106061	
  0.000000	  0.984848	  0.000000	  0.015152	
  0.181818	  0.303030	  0.060606	  0.454545	
  0.000000	  0.000000	  0.000000	  1.000000	
  0.000000	  1.000000	  0.000000	  0.000000	
  0.318182	  0.257576	  0.212121	  0.212121	
  0.272727	  0.000000	  0.090909	  0.636364	
  0.651515	  0.348485	  0.000000	  0.000000	
  0.000000	  0.000000	  0.696970	  0.303030	
  0.803030	  0.196970	  0.000000	  0.000000	
  0.151515	  0.000000	  0.681818	  0.166667	
  0.030303	  0.000000	  0.000000	  0.969697	
  0.212121	  0.227273	  0.409091	  0.151515	
  0.000000	  0.030303	  0.166667	  0.803030	
  0.469697	  0.227273	  0.287879	  0.015152	
  0.257576	  0.181818	  0.212121	  0.348485	
  0.000000	  0.000000	  1.000000	  0.000000	

MOTIF motif5-6 

letter-probability matrix: alength= 4 w= 26 nsites= 75 E= 0
  0.373333	  0.000000	  0.573333	  0.053333	
  0.733333	  0.133333	  0.000000	  0.133333	
  0.000000	  0.000000	  1.000000	  0.000000	
  0.000000	  0.000000	  0.000000	  1.000000	
  0.320000	  0.146667	  0.213333	  0.320000	
  0.000000	  0.053333	  0.306667	  0.640000	
  0.000000	  0.000000	  1.000000	  0.000000	
  0.240000	  0.133333	  0.373333	  0.253333	
  0.306667	  0.226667	  0.173333	  0.293333	
  0.013333	  0.000000	  0.986667	  0.000000	
  0.000000	  1.000000	  0.000000	  0.000000	
  0.066667	  0.413333	  0.106667	  0.413333	
  0.000000	  0.000000	  0.000000	  1.000000	
  0.000000	  1.000000	  0.000000	  0.000000	
  0.240000	  0.333333	  0.213333	  0.213333	
  0.226667	  0.000000	  0.133333	  0.640000	
  0.600000	  0.400000	  0.000000	  0.000000	
  0.000000	  0.000000	  0.586667	  0.413333	
  0.893333	  0.106667	  0.000000	  0.000000	
  0.200000	  0.026667	  0.626667	  0.146667	
  0.000000	  0.000000	  0.000000	  1.000000	
  0.093333	  0.253333	  0.413333	  0.240000	
  0.000000	  0.066667	  0.026667	  0.906667	
  0.480000	  0.200000	  0.280000	  0.040000	
  0.186667	  0.146667	  0.213333	  0.453333	
  0.000000	  0.000000	  1.000000	  0.000000	

MOTIF motif6-1 

letter-probability matrix: alength= 4 w= 19 nsites= 48 E= 0
  0.000000	  0.000000	  1.000000	  0.000000	
  0.020833	  0.333333	  0.416667	  0.229167	
  0.000000	  1.000000	  0.000000	  0.000000	
  0.000000	  0.000000	  1.000000	  0.000000	
  0.000000	  0.000000	  0.000000	  1.000000	
  0.729167	  0.187500	  0.000000	  0.083333	
  0.000000	  0.000000	  0.000000	  1.000000	
  0.000000	  0.000000	  1.000000	  0.000000	
  0.000000	  0.000000	  1.000000	  0.000000	
  0.000000	  0.000000	  0.000000	  1.000000	
  0.979167	  0.000000	  0.020833	  0.000000	
  0.020833	  0.812500	  0.020833	  0.145833	
  0.000000	  0.062500	  0.000000	  0.937500	
  1.000000	  0.000000	  0.000000	  0.000000	
  0.000000	  0.000000	  0.000000	  1.000000	
  0.291667	  0.000000	  0.020833	  0.687500	
  0.083333	  0.020833	  0.541667	  0.354167	
  0.083333	  0.104167	  0.479167	  0.333333	
  0.000000	  0.000000	  0.291667	  0.708333	

MOTIF motif6-2 

letter-probability matrix: alength= 4 w= 19 nsites= 85 E= 0
  0.752941	  0.247059	  0.000000	  0.000000	
  0.282353	  0.458824	  0.129412	  0.129412	
  0.270588	  0.447059	  0.105882	  0.176471	
  0.776471	  0.000000	  0.011765	  0.211765	
  1.000000	  0.000000	  0.000000	  0.000000	
  0.000000	  0.000000	  0.000000	  1.000000	
  0.952941	  0.000000	  0.047059	  0.000000	
  0.082353	  0.023529	  0.823529	  0.070588	
  0.000000	  0.047059	  0.000000	  0.952941	
  1.000000	  0.000000	  0.000000	  0.000000	
  0.000000	  1.000000	  0.000000	  0.000000	
  0.023529	  0.976471	  0.000000	  0.000000	
  1.000000	  0.000000	  0.000000	  0.000000	
  0.058824	  0.011765	  0.164706	  0.764706	
  1.000000	  0.000000	  0.000000	  0.000000	
  0.000000	  1.000000	  0.000000	  0.000000	
  0.000000	  0.000000	  1.000000	  0.000000	
  0.282353	  0.470588	  0.235294	  0.011765	
  0.000000	  1.000000	  0.000000	  0.000000	

MOTIF motif6-3 

letter-probability matrix: alength= 4 w= 16 nsites= 29 E= 0
  0.620690	  0.000000	  0.000000	  0.379310	
  1.000000	  0.000000	  0.000000	  0.000000	
  0.000000	  0.000000	  0.000000	  1.000000	
  0.931034	  0.000000	  0.068966	  0.000000	
  0.034483	  0.137931	  0.724138	  0.103448	
  0.000000	  0.068966	  0.000000	  0.931034	
  1.000000	  0.000000	  0.000000	  0.000000	
  0.000000	  1.000000	  0.000000	  0.000000	
  0.000000	  1.000000	  0.000000	  0.000000	
  1.000000	  0.000000	  0.000000	  0.000000	
  0.068966	  0.103448	  0.137931	  0.689655	
  1.000000	  0.000000	  0.000000	  0.000000	
  0.000000	  1.000000	  0.000000	  0.000000	
  0.000000	  0.000000	  1.000000	  0.000000	
  0.275862	  0.448276	  0.241379	  0.034483	
  0.000000	  1.000000	  0.000000	  0.000000	

MOTIF motif6-4 

letter-probability matrix: alength= 4 w= 16 nsites= 93 E= 0
  0.000000	  0.000000	  1.000000	  0.000000	
  0.043011	  0.258065	  0.365591	  0.333333	
  0.000000	  1.000000	  0.000000	  0.000000	
  0.000000	  0.000000	  1.000000	  0.000000	
  0.000000	  0.000000	  0.000000	  1.000000	
  0.720430	  0.182796	  0.010753	  0.086022	
  0.000000	  0.000000	  0.000000	  1.000000	
  0.000000	  0.000000	  1.000000	  0.000000	
  0.000000	  0.000000	  1.000000	  0.000000	
  0.000000	  0.000000	  0.000000	  1.000000	
  0.956989	  0.000000	  0.043011	  0.000000	
  0.086022	  0.731183	  0.053763	  0.129032	
  0.000000	  0.010753	  0.000000	  0.989247	
  1.000000	  0.000000	  0.000000	  0.000000	
  0.000000	  0.000000	  0.000000	  1.000000	
  0.215054	  0.010753	  0.000000	  0.774194	

MOTIF motif6-5 

letter-probability matrix: alength= 4 w= 16 nsites= 20 E= 0
  0.750000	  0.000000	  0.000000	  0.250000	
  1.000000	  0.000000	  0.000000	  0.000000	
  0.000000	  0.000000	  0.000000	  1.000000	
  1.000000	  0.000000	  0.000000	  0.000000	
  0.050000	  0.050000	  0.700000	  0.200000	
  0.000000	  0.100000	  0.000000	  0.900000	
  1.000000	  0.000000	  0.000000	  0.000000	
  0.000000	  1.000000	  0.000000	  0.000000	
  0.050000	  0.900000	  0.050000	  0.000000	
  1.000000	  0.000000	  0.000000	  0.000000	
  0.000000	  0.000000	  0.200000	  0.800000	
  1.000000	  0.000000	  0.000000	  0.000000	
  0.000000	  1.000000	  0.000000	  0.000000	
  0.000000	  0.000000	  1.000000	  0.000000	
  0.200000	  0.500000	  0.300000	  0.000000	
  0.000000	  1.000000	  0.000000	  0.000000	

MOTIF motif6-6 

letter-probability matrix: alength= 4 w= 19 nsites= 30 E= 0
  0.000000	  0.000000	  1.000000	  0.000000	
  0.033333	  0.400000	  0.366667	  0.200000	
  0.000000	  1.000000	  0.000000	  0.000000	
  0.000000	  0.000000	  1.000000	  0.000000	
  0.000000	  0.000000	  0.000000	  1.000000	
  0.866667	  0.100000	  0.000000	  0.033333	
  0.000000	  0.000000	  0.000000	  1.000000	
  0.000000	  0.000000	  0.966667	  0.033333	
  0.000000	  0.000000	  1.000000	  0.000000	
  0.000000	  0.000000	  0.000000	  1.000000	
  0.900000	  0.000000	  0.100000	  0.000000	
  0.166667	  0.733333	  0.033333	  0.066667	
  0.000000	  0.000000	  0.000000	  1.000000	
  1.000000	  0.000000	  0.000000	  0.000000	
  0.000000	  0.000000	  0.000000	  1.000000	
  0.100000	  0.066667	  0.000000	  0.833333	
  0.033333	  0.133333	  0.633333	  0.200000	
  0.033333	  0.000000	  0.566667	  0.400000	
  0.000000	  0.000000	  0.266667	  0.733333	

MOTIF motif6-7 

letter-probability matrix: alength= 4 w= 19 nsites= 36 E= 0
  0.750000	  0.250000	  0.000000	  0.000000	
  0.416667	  0.361111	  0.111111	  0.111111	
  0.138889	  0.611111	  0.055556	  0.194444	
  0.777778	  0.000000	  0.000000	  0.222222	
  1.000000	  0.000000	  0.000000	  0.000000	
  0.027778	  0.000000	  0.000000	  0.972222	
  0.944444	  0.000000	  0.055556	  0.000000	
  0.111111	  0.027778	  0.833333	  0.027778	
  0.000000	  0.027778	  0.000000	  0.972222	
  1.000000	  0.000000	  0.000000	  0.000000	
  0.000000	  1.000000	  0.000000	  0.000000	
  0.000000	  1.000000	  0.000000	  0.000000	
  1.000000	  0.000000	  0.000000	  0.000000	
  0.083333	  0.000000	  0.055556	  0.861111	
  1.000000	  0.000000	  0.000000	  0.000000	
  0.000000	  1.000000	  0.000000	  0.000000	
  0.000000	  0.000000	  1.000000	  0.000000	
  0.250000	  0.444444	  0.222222	  0.083333	
  0.000000	  1.000000	  0.000000	  0.000000	

MOTIF motif6-8 

letter-probability matrix: alength= 4 w= 16 nsites= 67 E= 0
  0.000000	  0.000000	  1.000000	  0.000000	
  0.044776	  0.283582	  0.328358	  0.343284	
  0.000000	  1.000000	  0.000000	  0.000000	
  0.000000	  0.000000	  1.000000	  0.000000	
  0.000000	  0.000000	  0.000000	  1.000000	
  0.761194	  0.149254	  0.000000	  0.089552	
  0.000000	  0.000000	  0.000000	  1.000000	
  0.000000	  0.000000	  0.985075	  0.014925	
  0.000000	  0.000000	  1.000000	  0.000000	
  0.000000	  0.000000	  0.000000	  1.000000	
  0.955224	  0.000000	  0.044776	  0.000000	
  0.104478	  0.791045	  0.029851	  0.074627	
  0.000000	  0.029851	  0.000000	  0.970149	
  1.000000	  0.000000	  0.000000	  0.000000	
  0.000000	  0.000000	  0.000000	  1.000000	
  0.298507	  0.000000	  0.000000	  0.701493	

MOTIF motif7-1 

letter-probability matrix: alength= 4 w= 25 nsites= 60 E= 0
  1.000000	  0.000000	  0.000000	  0.000000	
  0.550000	  0.133333	  0.083333	  0.233333	
  0.283333	  0.200000	  0.400000	  0.116667	
  1.000000	  0.000000	  0.000000	  0.000000	
  0.000000	  0.000000	  0.566667	  0.433333	
  0.116667	  0.050000	  0.033333	  0.800000	
  0.850000	  0.000000	  0.150000	  0.000000	
  0.666667	  0.033333	  0.300000	  0.000000	
  0.000000	  0.000000	  1.000000	  0.000000	
  0.000000	  0.000000	  1.000000	  0.000000	
  0.183333	  0.200000	  0.583333	  0.033333	
  0.833333	  0.033333	  0.033333	  0.100000	
  0.416667	  0.233333	  0.200000	  0.150000	
  0.000000	  1.000000	  0.000000	  0.000000	
  0.250000	  0.083333	  0.366667	  0.300000	
  0.066667	  0.550000	  0.300000	  0.083333	
  0.000000	  0.000000	  0.000000	  1.000000	
  0.383333	  0.216667	  0.283333	  0.116667	
  0.250000	  0.366667	  0.250000	  0.133333	
  0.250000	  0.116667	  0.483333	  0.150000	
  0.666667	  0.000000	  0.000000	  0.333333	
  0.000000	  0.016667	  0.000000	  0.983333	
  0.216667	  0.133333	  0.633333	  0.016667	
  0.233333	  0.433333	  0.050000	  0.283333	
  0.000000	  0.000000	  1.000000	  0.000000	

MOTIF motif7-2 

letter-probability matrix: alength= 4 w= 26 nsites= 48 E= 0
  0.000000	  1.000000	  0.000000	  0.000000	
  0.500000	  0.000000	  0.270833	  0.229167	
  0.000000	  0.708333	  0.104167	  0.187500	
  1.000000	  0.000000	  0.000000	  0.000000	
  0.270833	  0.000000	  0.000000	  0.729167	
  0.312500	  0.312500	  0.145833	  0.229167	
  0.125000	  0.145833	  0.520833	  0.208333	
  0.270833	  0.145833	  0.312500	  0.270833	
  1.000000	  0.000000	  0.000000	  0.000000	
  0.187500	  0.166667	  0.645833	  0.000000	
  0.333333	  0.333333	  0.145833	  0.187500	
  0.000000	  0.000000	  1.000000	  0.000000	
  0.187500	  0.187500	  0.166667	  0.458333	
  0.083333	  0.062500	  0.000000	  0.854167	
  0.000000	  0.729167	  0.062500	  0.208333	
  0.000000	  1.000000	  0.000000	  0.000000	
  0.000000	  0.979167	  0.000000	  0.020833	
  0.000000	  0.395833	  0.000000	  0.604167	
  0.000000	  0.125000	  0.000000	  0.875000	
  0.770833	  0.020833	  0.020833	  0.187500	
  0.500000	  0.500000	  0.000000	  0.000000	
  0.000000	  0.000000	  0.000000	  1.000000	
  0.062500	  0.312500	  0.229167	  0.395833	
  0.187500	  0.083333	  0.041667	  0.687500	
  0.000000	  0.000000	  0.000000	  1.000000	
  0.229167	  0.000000	  0.041667	  0.729167	

MOTIF motif7-3 

letter-probability matrix: alength= 4 w= 25 nsites= 57 E= 0
  1.000000	  0.000000	  0.000000	  0.000000	
  0.701754	  0.070175	  0.087719	  0.140351	
  0.228070	  0.192982	  0.508772	  0.070175	
  1.000000	  0.000000	  0.000000	  0.000000	
  0.000000	  0.017544	  0.473684	  0.508772	
  0.070175	  0.000000	  0.000000	  0.929825	
  0.929825	  0.000000	  0.070175	  0.000000	
  0.736842	  0.017544	  0.245614	  0.000000	
  0.000000	  0.000000	  1.000000	  0.000000	
  0.000000	  0.000000	  1.000000	  0.000000	
  0.122807	  0.105263	  0.754386	  0.017544	
  0.736842	  0.035088	  0.017544	  0.210526	
  0.298246	  0.280702	  0.298246	  0.122807	
  0.000000	  1.000000	  0.000000	  0.000000	
  0.228070	  0.070175	  0.456140	  0.245614	
  0.035088	  0.684211	  0.122807	  0.157895	
  0.000000	  0.000000	  0.000000	  1.000000	
  0.210526	  0.298246	  0.333333	  0.157895	
  0.157895	  0.508772	  0.228070	  0.105263	
  0.140351	  0.210526	  0.421053	  0.228070	
  0.719298	  0.000000	  0.000000	  0.280702	
  0.000000	  0.000000	  0.000000	  1.000000	
  0.105263	  0.175439	  0.666667	  0.052632	
  0.228070	  0.350877	  0.052632	  0.368421	
  0.000000	  0.000000	  1.000000	  0.000000	

MOTIF motif8-1 

letter-probability matrix: alength= 4 w= 11 nsites= 31 E= 0
  0.000000	  0.806452	  0.000000	  0.193548	
  0.000000	  0.000000	  1.000000	  0.000000	
  0.000000	  0.419355	  0.580645	  0.000000	
  0.193548	  0.161290	  0.387097	  0.258065	
  0.516129	  0.161290	  0.322581	  0.000000	
  0.000000	  0.290323	  0.032258	  0.677419	
  0.000000	  0.967742	  0.032258	  0.000000	
  0.193548	  0.032258	  0.516129	  0.258065	
  0.000000	  0.000000	  1.000000	  0.000000	
  0.000000	  0.032258	  0.903226	  0.064516	
  0.000000	  1.000000	  0.000000	  0.000000	

MOTIF motif8-2 

letter-probability matrix: alength= 4 w= 10 nsites= 57 E= 0
  0.000000	  0.000000	  1.000000	  0.000000	
  0.140351	  0.771930	  0.087719	  0.000000	
  0.000000	  1.000000	  0.000000	  0.000000	
  0.245614	  0.421053	  0.087719	  0.245614	
  0.000000	  0.017544	  0.982456	  0.000000	
  0.491228	  0.017544	  0.491228	  0.000000	
  0.000000	  0.228070	  0.000000	  0.771930	
  0.263158	  0.315789	  0.315789	  0.105263	
  0.000000	  0.596491	  0.385965	  0.017544	
  0.000000	  1.000000	  0.000000	  0.000000	

MOTIF motif8-3 

letter-probability matrix: alength= 4 w= 14 nsites= 79 E= 0
  0.468354	  0.265823	  0.101266	  0.164557	
  0.000000	  0.455696	  0.544304	  0.000000	
  0.392405	  0.075949	  0.000000	  0.531646	
  0.000000	  0.797468	  0.000000	  0.202532	
  0.000000	  0.000000	  1.000000	  0.000000	
  0.000000	  0.468354	  0.531646	  0.000000	
  0.215190	  0.227848	  0.303797	  0.253165	
  0.658228	  0.050633	  0.291139	  0.000000	
  0.000000	  0.303797	  0.012658	  0.683544	
  0.000000	  0.974684	  0.025316	  0.000000	
  0.189873	  0.126582	  0.392405	  0.291139	
  0.000000	  0.000000	  1.000000	  0.000000	
  0.000000	  0.037975	  0.886076	  0.075949	
  0.000000	  1.000000	  0.000000	  0.000000	

MOTIF motif8-4 

letter-probability matrix: alength= 4 w= 10 nsites= 40 E= 0
  0.000000	  0.000000	  1.000000	  0.000000	
  0.100000	  0.775000	  0.125000	  0.000000	
  0.000000	  1.000000	  0.000000	  0.000000	
  0.225000	  0.500000	  0.100000	  0.175000	
  0.000000	  0.050000	  0.950000	  0.000000	
  0.625000	  0.025000	  0.350000	  0.000000	
  0.000000	  0.300000	  0.075000	  0.625000	
  0.275000	  0.300000	  0.250000	  0.175000	
  0.000000	  0.600000	  0.400000	  0.000000	
  0.000000	  1.000000	  0.000000	  0.000000	

MOTIF motif9-1 

letter-probability matrix: alength= 4 w= 12 nsites= 54 E= 0
  0.000000	  0.000000	  0.000000	  1.000000	
  0.888889	  0.000000	  0.111111	  0.000000	
  0.055556	  0.388889	  0.240741	  0.314815	
  0.000000	  0.055556	  0.296296	  0.648148	
  0.759259	  0.000000	  0.148148	  0.092593	
  1.000000	  0.000000	  0.000000	  0.000000	
  0.222222	  0.240741	  0.166667	  0.370370	
  0.148148	  0.388889	  0.240741	  0.222222	
  0.000000	  0.148148	  0.296296	  0.555556	
  0.240741	  0.203704	  0.296296	  0.259259	
  0.203704	  0.129630	  0.388889	  0.277778	
  0.000000	  0.000000	  0.000000	  1.000000	

MOTIF motif9-2 

letter-probability matrix: alength= 4 w= 14 nsites= 55 E= 0
  0.090909	  0.018182	  0.654545	  0.236364	
  0.545455	  0.218182	  0.181818	  0.054545	
  0.000000	  0.000000	  0.000000	  1.000000	
  0.927273	  0.000000	  0.072727	  0.000000	
  0.109091	  0.454545	  0.181818	  0.254545	
  0.090909	  0.036364	  0.290909	  0.581818	
  0.690909	  0.000000	  0.145455	  0.163636	
  1.000000	  0.000000	  0.000000	  0.000000	
  0.109091	  0.272727	  0.236364	  0.381818	
  0.272727	  0.363636	  0.309091	  0.054545	
  0.090909	  0.327273	  0.236364	  0.345455	
  0.254545	  0.163636	  0.327273	  0.254545	
  0.127273	  0.290909	  0.327273	  0.254545	
  0.000000	  0.000000	  0.000000	  1.000000	

MOTIF motif9-3 

letter-probability matrix: alength= 4 w= 12 nsites= 75 E= 0
  0.000000	  0.000000	  0.000000	  1.000000	
  0.786667	  0.040000	  0.160000	  0.013333	
  0.066667	  0.413333	  0.160000	  0.360000	
  0.053333	  0.093333	  0.306667	  0.546667	
  0.746667	  0.000000	  0.120000	  0.133333	
  1.000000	  0.000000	  0.000000	  0.000000	
  0.146667	  0.266667	  0.266667	  0.320000	
  0.226667	  0.413333	  0.226667	  0.133333	
  0.093333	  0.346667	  0.106667	  0.453333	
  0.200000	  0.120000	  0.413333	  0.266667	
  0.160000	  0.173333	  0.360000	  0.306667	
  0.000000	  0.000000	  0.000000	  1.000000	

MOTIF motif9-4 

letter-probability matrix: alength= 4 w= 12 nsites= 40 E= 0
  1.000000	  0.000000	  0.000000	  0.000000	
  0.275000	  0.325000	  0.150000	  0.250000	
  0.250000	  0.375000	  0.175000	  0.200000	
  0.400000	  0.300000	  0.250000	  0.050000	
  0.250000	  0.350000	  0.200000	  0.200000	
  0.350000	  0.200000	  0.250000	  0.200000	
  0.000000	  0.000000	  0.000000	  1.000000	
  0.125000	  0.125000	  0.000000	  0.750000	
  0.475000	  0.300000	  0.100000	  0.125000	
  0.325000	  0.100000	  0.450000	  0.125000	
  0.000000	  0.025000	  0.025000	  0.950000	
  1.000000	  0.000000	  0.000000	  0.000000	

MOTIF motif9-5 

letter-probability matrix: alength= 4 w= 16 nsites= 33 E= 0
  0.484848	  0.121212	  0.181818	  0.212121	
  0.272727	  0.151515	  0.090909	  0.484848	
  0.090909	  0.030303	  0.636364	  0.242424	
  0.575758	  0.212121	  0.121212	  0.090909	
  0.000000	  0.000000	  0.000000	  1.000000	
  0.818182	  0.000000	  0.151515	  0.030303	
  0.000000	  0.333333	  0.181818	  0.484848	
  0.030303	  0.090909	  0.333333	  0.545455	
  0.818182	  0.000000	  0.030303	  0.151515	
  1.000000	  0.000000	  0.000000	  0.000000	
  0.212121	  0.212121	  0.272727	  0.303030	
  0.151515	  0.454545	  0.151515	  0.242424	
  0.090909	  0.454545	  0.181818	  0.272727	
  0.272727	  0.151515	  0.303030	  0.272727	
  0.121212	  0.303030	  0.484848	  0.090909	
  0.000000	  0.000000	  0.000000	  1.000000	

MOTIF motif9-6 

letter-probability matrix: alength= 4 w= 16 nsites= 40 E= 0
  0.425000	  0.250000	  0.225000	  0.100000	
  0.250000	  0.375000	  0.200000	  0.175000	
  0.100000	  0.050000	  0.675000	  0.175000	
  0.525000	  0.250000	  0.150000	  0.075000	
  0.000000	  0.000000	  0.000000	  1.000000	
  0.950000	  0.000000	  0.050000	  0.000000	
  0.050000	  0.450000	  0.225000	  0.275000	
  0.050000	  0.025000	  0.350000	  0.575000	
  0.925000	  0.000000	  0.050000	  0.025000	
  1.000000	  0.000000	  0.000000	  0.000000	
  0.225000	  0.325000	  0.150000	  0.300000	
  0.250000	  0.450000	  0.150000	  0.150000	
